Iteration CurSyncRatio NextSyncRatio
0 88.4586 87.3069
1 87.3069 106.151
2 106.151 125.168
3 125.168 120.404
4 120.404 118.62
5 118.62 118.674
6 118.674 84.4651
7 84.4651 84.2363
8 84.2363 83.7172
9 83.7172 76.1417
10 76.1417 72.2969
11 72.2969 69.6972
12 69.6972 186.895
13 69.6972 70.2538
14 70.2538 69.5748
15 69.5748 70.7576
16 70.7576 71.7026
17 71.7026 69.0199
18 69.0199 65.132
19 65.132 70.2604
20 70.2604 105.232
21 105.232 100.209
22 100.209 97.7048
23 97.7048 74.4538
24 74.4538 77.0711
25 77.0711 77.9661
26 77.9661 77.46
27 77.46 71.2392
28 71.2392 42.8608
29 42.8608 40.625
30 40.625 39.447
31 39.447 39.7782
32 39.7782 40.821
33 40.821 40.5847
34 40.5847 40.1907
35 40.1907 42.6735
36 42.6735 42.5394
37 42.5394 43.1058
38 43.1058 41.3801
39 41.3801 41.145
40 41.145 41.3208
41 41.3208 40.5017
42 40.5017 46.361
43 46.361 44.8488
44 44.8488 48.8194
45 48.8194 49.9064
46 49.9064 49.3728
47 49.3728 47.9747
48 47.9747 66.6
49 66.6 55.2209
50 55.2209 74.9178
51 74.9178 74.889
52 74.889 74.3351
53 74.3351 71.2664
54 71.2664 44.8012
55 44.8012 40.7171
56 40.7171 38.8623
57 38.8623 51.9872
58 51.9872 56.8166
59 56.8166 62.0948
60 62.0948 53.4927
61 53.4927 52.4692
62 52.4692 52.8257
63 52.8257 55.7209
64 55.7209 51.0425
65 51.0425 53.2584
66 53.2584 43.3205
67 43.3205 61.126
68 61.126 67.2004
69 67.2004 67.151
70 67.151 81.671
71 81.671 80.8978
72 80.8978 78.6114
73 78.6114 84.4388
74 84.4388 88.0208
75 88.0208 86.5511
76 86.5511 84.9819
77 84.9819 65.533
78 65.533 85.1003
79 65.533 69.4475
80 69.4475 67.7496
81 67.7496 66.193
82 66.193 68.6242
83 68.6242 75.3943
84 75.3943 70.2956
85 70.2956 66.5506
86 66.5506 65.8874
87 65.8874 66.6015
88 66.6015 65.2643
89 65.2643 65.3189
90 65.3189 65.1223
91 65.1223 63.8864
92 63.8864 54.7206
93 54.7206 54.892
94 54.892 68.2952
95 68.2952 61.9566
96 61.9566 56.2575
97 56.2575 52.8742
98 52.8742 54.4684
99 54.4684 53.333
100 53.333 45.681
101 45.681 54.1294
102 54.1294 54.5246
103 54.5246 54.9128
104 54.9128 60.0238
105 60.0238 57.2549
106 57.2549 60.9494
107 60.9494 65.9688
108 65.9688 67.0553
109 67.0553 65.9416
110 65.9416 65.4506
111 65.4506 50.7905
112 50.7905 49.7145
113 49.7145 47.7745
114 47.7745 46.7189
115 46.7189 44.1529
116 44.1529 44.478
117 44.478 48.6683
118 48.6683 57.2201
119 57.2201 55.1593
120 55.1593 57.9035
121 57.9035 57.881
122 57.881 63.1134
123 57.881 56.8287
124 56.8287 53.5884
125 53.5884 49.5449
126 49.5449 49.6498
127 49.6498 49.2436
128 49.2436 48.9296
129 48.9296 50.0486
130 50.0486 53.4085
131 53.4085 55.2571
132 55.2571 54.8759
133 54.8759 58.2207
134 58.2207 66.8114
135 66.8114 58.6919
136 58.6919 58.9331
137 58.9331 59.323
138 59.323 59.2139
139 59.2139 59.8535
140 59.8535 56.6609
141 56.6609 57.698
142 57.698 55.6495
143 55.6495 60.2982
144 60.2982 60.1763
145 60.1763 55.1632
146 55.1632 52.7002
147 52.7002 54.737
148 54.737 54.7189
149 54.7189 59.0445
150 59.0445 59.1466
151 59.1466 75.3476
152 75.3476 86.1085
153 86.1085 95.6224
154 95.6224 79.9908
155 79.9908 83.727
156 83.727 63.8778
157 63.8778 84.7347
158 84.7347 85.2015
159 85.2015 84.8369
160 84.8369 64.2751
161 64.2751 60.2557
162 60.2557 42.8377
163 42.8377 43.6948
164 43.6948 45.5879
165 45.5879 47.6747
166 47.6747 48.5191
167 48.5191 50.1015
168 50.1015 52.7764
169 52.7764 46.8409
170 46.8409 45.0186
171 45.0186 63.1989
172 63.1989 62.2606
173 62.2606 62.5276
174 62.5276 62.2179
175 62.2179 63.1903
176 63.1903 64.9495
177 64.9495 65.2623
178 65.2623 61.8127
179 61.8127 62.4735
180 62.4735 62.3416
181 62.3416 61.8971
182 61.8971 44.685
183 44.685 42.2594
184 42.2594 41.8917
185 41.8917 45.8494
186 45.8494 46.5473
187 46.5473 46.9624
188 46.9624 50.093
189 50.093 54.6744
190 54.6744 54.448
191 54.448 60.0835
192 54.448 65.2112
193 65.2112 60.3578
194 60.3578 61.931
195 61.931 58.99
196 58.99 59.3678
197 59.3678 55.4457
198 55.4457 73.7412
199 73.7412 72.3294
200 72.3294 100.153
201 72.3294 71.9749
202 71.9749 72.7262
203 72.7262 50.541
204 50.541 51.1106
205 51.1106 52.2642
206 52.2642 45.8258
207 45.8258 76.2481
208 76.2481 76.9297
209 76.9297 77.0964
210 77.0964 76.7747
211 76.7747 81.3815
212 81.3815 81.1417
213 81.1417 82.1774
214 82.1774 82.5233
215 82.5233 74.7067
216 74.7067 75.3818
217 75.3818 83.1212
218 83.1212 63.7572
219 63.7572 63.9032
220 63.9032 54.0876
221 54.0876 57.7352
222 54.0876 52.4466
223 52.4466 51.9476
224 51.9476 52.5281
225 52.5281 53.2974
226 53.2974 55.6586
227 55.6586 55.4614
228 55.4614 54.5543
229 54.5543 54.7074
230 54.7074 50.6715
231 50.6715 50.6573
232 50.6573 50.6057
233 50.6057 48.5141
234 48.5141 46.7211
235 46.7211 46.3519
236 46.3519 45.9765
237 45.9765 40.9093
238 40.9093 40.6211
239 40.6211 45.265
240 45.265 45.7436
241 45.7436 48.7821
242 48.7821 48.437
243 48.437 52.2467
244 52.2467 45.7992
245 45.7992 44.5327
246 44.5327 45.0206
247 45.0206 44.7043
248 44.7043 44.8207
249 44.8207 48.1896
250 48.1896 46.6006
251 46.6006 50.4207
252 50.4207 51.3116
253 51.3116 49.7683
254 49.7683 48.2936
255 48.2936 43.4435
256 43.4435 42.7615
257 42.7615 53.3034
258 42.7615 47.7071
259 42.7615 43.8987
260 43.8987 51.9272
261 51.9272 39.0987
262 39.0987 39.4819
263 39.4819 37.4801
264 37.4801 38.4599
265 38.4599 39.0692
266 39.0692 39.1432
267 39.1432 44.1396
268 44.1396 43.0973
269 43.0973 44.1659
270 44.1659 43.5516
271 43.5516 42.8287
272 42.8287 92.0165
273 42.8287 39.564
274 39.564 61.2363
275 61.2363 42.8763
276 42.8763 36.8912
277 36.8912 37.0403
278 37.0403 37.6056
279 37.6056 43.2685
280 43.2685 42.2596
281 42.2596 49.4583
282 49.4583 50.115
283 50.115 48.7338
284 48.7338 48.4628
285 48.4628 51.1831
286 51.1831 52.8934
287 51.1831 47.4123
288 47.4123 53.0686
289 53.0686 46.1759
290 46.1759 49.4615
291 49.4615 45.573
292 45.573 42.3902
293 42.3902 41.7682
294 41.7682 41.7222
295 41.7222 41.131
296 41.131 40.5297
297 40.5297 40.5947
298 40.5947 46.6052
299 46.6052 50.2884
300 50.2884 49.545
301 49.545 48.5335
302 48.5335 47.5148
303 47.5148 45.4151
304 45.4151 47.1935
305 47.1935 46.5935
306 46.5935 40.942
307 40.942 39.5089
308 39.5089 44.625
309 44.625 50.0171
310 50.0171 40.9268
311 40.9268 40.7951
312 40.7951 48.7199
313 40.7951 36.772
314 36.772 44.659
315 44.659 41.1306
316 41.1306 41.134
317 41.134 42.4446
318 42.4446 37.9874
319 37.9874 38.9452
320 38.9452 49.172
321 49.172 49.9389
322 49.9389 59.2442
323 59.2442 49.7958
324 49.7958 50.1021
325 50.1021 49.6676
326 49.6676 49.3313
327 49.3313 51.9075
328 51.9075 57.9283
329 57.9283 58.1283
330 58.1283 55.045
331 55.045 60.0406
332 55.045 39.8822
333 39.8822 35.0001
334 35.0001 52.502
335 35.0001 35.159
336 35.159 40.2533
337 40.2533 38.7754
338 38.7754 44.0469
339 38.7754 43.8708
340 43.8708 48.1518
341 48.1518 46.1298
342 46.1298 45.5032
343 45.5032 46.5154
344 46.5154 56.44
345 46.5154 43.1578
346 43.1578 54.1279
347 54.1279 64.2148
348 64.2148 63.3729
349 63.3729 63.2696
350 63.2696 53.8125
351 53.8125 56.384
352 56.384 57.1093
353 57.1093 55.2477
354 55.2477 56.2318
355 56.2318 55.8236
356 55.8236 56.6412
357 55.8236 55.434
358 55.434 53.5576
359 53.5576 53.4908
360 53.4908 45.7736
361 45.7736 46.9705
362 46.9705 47.2033
363 47.2033 47.9387
364 47.9387 66.124
365 66.124 59.552
366 59.552 91.8099
367 59.552 60.4576
368 60.4576 59.5196
369 59.5196 62.6988
370 62.6988 62.72
371 62.72 59.8388
372 59.8388 59.5282
373 59.5282 68.0078
374 59.5282 72.6191
375 59.5282 53.0423
376 53.0423 49.9313
377 49.9313 50.5108
378 50.5108 50.4904
379 50.4904 40.1935
380 40.1935 40.4515
381 40.4515 38.0309
382 38.0309 45.2564
383 45.2564 42.3896
384 42.3896 59.1128
385 42.3896 41.6096
386 41.6096 41.4738
387 41.4738 42.2155
388 42.2155 44.6315
389 44.6315 46.8321
390 46.8321 50.454
391 50.454 49.5061
392 49.5061 47.9231
393 47.9231 57.816
394 47.9231 47.4379
395 47.4379 48.4049
396 48.4049 50.7855
397 50.7855 44.2681
398 44.2681 40.7027
399 40.7027 38.061
400 38.061 37.3402
401 37.3402 37.0336
402 37.0336 42.6047
403 37.0336 37.9024
404 37.9024 50.0895
405 37.9024 48.8259
406 37.9024 45.0768
407 37.9024 44.2981
408 44.2981 41.2286
409 41.2286 41.7033
410 41.7033 42.427
411 42.427 44.9523
412 44.9523 41.1721
413 41.1721 47.7651
414 47.7651 48.0755
415 48.0755 44.3574
416 44.3574 43.9535
417 43.9535 50.6899
418 43.9535 40.6662
419 40.6662 39.6929
420 39.6929 43.662
421 43.662 75.5829
422 43.662 46.6451
423 46.6451 45.1863
424 45.1863 44.0944
425 44.0944 44.3478
426 44.3478 41.7534
427 41.7534 51.2332
428 51.2332 54.0618
429 54.0618 41.3806
430 41.3806 42.511
431 42.511 42.7406
432 42.7406 47.6396
433 47.6396 50.7127
434 50.7127 50.1923
435 50.1923 56.5639
436 50.1923 46.1841
437 46.1841 43.8521
438 43.8521 43.4803
439 43.4803 83.7652
440 43.4803 58.8071
441 43.4803 41.8654
442 41.8654 70.4252
443 70.4252 71.2234
444 71.2234 81.7018
445 71.2234 67.0709
446 67.0709 68.2365
447 68.2365 82.0749
448 82.0749 81.8073
449 81.8073 83.0782
450 83.0782 82.9474
451 82.9474 65.9775
452 65.9775 66.0578
453 66.0578 66.3688
454 66.3688 66.2726
455 66.2726 66.8785
456 66.8785 65.8727
457 65.8727 65.8933
458 65.8933 66.766
459 66.766 68.4986
460 68.4986 71.3729
461 68.4986 65.6024
462 65.6024 65.9179
463 65.9179 65.8308
464 65.8308 65.8598
465 65.8598 48.394
466 48.394 49.4064
467 49.4064 48.7483
468 48.7483 59.02
469 48.7483 48.1066
470 48.1066 49.3708
471 48.1066 49.2375
472 49.2375 48.5152
473 48.5152 94.3707
474 48.5152 59.8028
475 48.5152 49.0557
476 49.0557 86.4264
477 49.0557 50.4264
478 50.4264 63.9318
479 50.4264 45.9858
480 45.9858 57.4773
481 45.9858 52.8259
482 52.8259 49.3389
483 49.3389 48.5544
484 48.5544 57.6668
485 48.5544 49.1013
486 49.1013 52.6907
487 52.6907 50.7507
488 50.7507 56.9487
489 50.7507 52.2431
490 52.2431 54.5917
491 54.5917 59.1545
492 59.1545 68.8519
493 59.1545 58.6189
494 58.6189 58.7012
495 58.7012 51.1049
496 51.1049 48.9941
497 48.9941 49.2647
498 49.2647 51.7371
499 51.7371 50.206
500 50.206 50.3103
501 50.3103 57.3359
502 57.3359 53.5785
503 53.5785 52.2205
504 52.2205 56.6191
505 52.2205 38.4645
506 38.4645 37.1505
507 37.1505 41.1224
508 37.1505 37.1127
509 37.1127 41.7175
510 41.7175 42.0123
511 42.0123 41.9674
512 41.9674 36.9269
513 36.9269 37.2784
514 36.9269 38.6467
515 36.9269 56.9882
516 36.9269 35.9447
517 35.9447 40.9423
518 40.9423 43.6732
519 43.6732 44.2059
520 44.2059 39.5122
521 39.5122 36.6031
522 36.6031 38.2307
523 38.2307 39.1123
524 39.1123 39.4191
525 39.4191 39.7871
526 39.7871 44.0161
527 44.0161 43.7259
528 43.7259 44.0337
529 44.0337 44.4761
530 44.4761 44.7291
531 44.7291 42.8933
532 42.8933 44.4316
533 44.4316 50.6722
534 44.4316 72.0656
535 44.4316 46.9992
536 46.9992 44.0097
537 44.0097 44.4625
538 44.4625 44.7313
539 44.7313 66.9517
540 44.7313 43.5373
541 43.5373 47.8859
542 47.8859 47.2703
543 47.2703 40.84
544 40.84 40.8718
545 40.8718 40.581
546 40.581 42.4616
547 42.4616 39.3517
548 39.3517 63.1428
549 39.3517 40.603
550 40.603 48.277
551 40.603 40.8134
552 40.8134 40.7272
553 40.7272 42.7064
554 42.7064 42.4597
555 42.4597 53.6342
556 42.4597 42.4043
557 42.4043 53.1953
558 42.4043 42.8546
559 42.8546 45.9144
560 45.9144 44.3019
561 44.3019 49.9953
562 44.3019 49.5248
563 44.3019 44.3253
564 44.3253 39.4966
565 39.4966 38.4864
566 38.4864 41.5598
567 38.4864 39.2701
568 39.2701 46.127
569 39.2701 42.583
570 39.2701 47.1325
571 39.2701 39.4502
572 39.4502 43.8971
573 43.8971 45.7926
574 45.7926 57.6087
575 45.7926 46.8097
576 46.8097 70.513
577 46.8097 55.1147
578 46.8097 41.3207
579 41.3207 54.0051
580 41.3207 38.6278
581 38.6278 37.5684
582 37.5684 39.3346
583 39.3346 40.7694
584 40.7694 40.208
585 40.208 38.622
586 38.622 39.7337
587 39.7337 46.2979
588 39.7337 39.1862
589 39.1862 39.6708
590 39.6708 37.1696
591 37.1696 39.523
592 37.1696 37.3772
593 37.3772 40.6501
594 37.3772 51.613
595 37.3772 37.0611
596 37.0611 38.9179
597 38.9179 38.6494
598 38.6494 38.3783
599 38.3783 52.5522
600 38.3783 37.7273
601 37.7273 40.4136
602 37.7273 45.4736
603 45.4736 50.138
604 45.4736 61.5425
605 45.4736 59.98
606 45.4736 42.8713
607 42.8713 44.9488
608 44.9488 44.0169
609 44.0169 47.1364
610 44.0169 44.8826
611 44.0169 48.8119
612 44.0169 63.605
613 44.0169 43.9178
614 43.9178 44.2069
615 44.2069 43.0489
616 43.0489 46.7246
617 46.7246 57.6281
618 46.7246 98.1026
619 46.7246 46.5441
620 46.5441 44.9849
621 44.9849 47.3834
622 44.9849 44.9029
623 44.9029 44.8372
624 44.8372 41.6571
625 41.6571 43.3045
626 43.3045 34.9321
627 34.9321 53.7092
628 34.9321 34.5362
629 34.5362 42.623
630 34.5362 40.9313
631 34.5362 34.048
632 34.048 33.6368
633 33.6368 33.5882
634 33.5882 35.9785
635 33.5882 39.1153
636 39.1153 37.6862
637 37.6862 37.6879
638 37.6879 37.5534
639 37.5534 40.1071
640 40.1071 45.9268
641 40.1071 41.3494
642 41.3494 40.7606
643 40.7606 47.3174
644 40.7606 42.1698
645 42.1698 50.8452
646 42.1698 42.0598
647 42.0598 64.8552
648 42.0598 45.4967
649 45.4967 46.0801
650 46.0801 51.8136
651 46.0801 45.2375
652 45.2375 49.9189
653 45.2375 45.1764
654 45.1764 51.0331
655 51.0331 53.7557
656 53.7557 41.4132
657 41.4132 47.7598
658 41.4132 38.9941
659 38.9941 38.4853
660 38.4853 36.2509
661 36.2509 38.9158
662 38.9158 45.9583
663 38.9158 37.7994
664 37.7994 37.8286
665 37.8286 38.7715
666 38.7715 45.9362
667 38.7715 42.0065
668 38.7715 38.335
669 38.335 39.5558
670 39.5558 36.9983
671 36.9983 38.2805
672 38.2805 46.1528
673 38.2805 38.5331
674 38.5331 43.2049
675 38.5331 39.4002
676 39.4002 39.5464
677 39.5464 43.0337
678 43.0337 46.6104
679 43.0337 43.6062
680 43.6062 53.5481
681 43.6062 48.0761
682 43.6062 42.887
683 42.887 50.725
684 42.887 48.1729
685 42.887 59.3821
686 42.887 39.7898
687 39.7898 39.8332
688 39.8332 44.2605
689 39.8332 45.1019
690 45.1019 39.7587
691 39.7587 37.3285
692 37.3285 35.9618
693 35.9618 41.7022
694 35.9618 41.2001
695 35.9618 37.2972
696 35.9618 39.9393
697 35.9618 40.9862
698 40.9862 46.0135
699 46.0135 46.2601
700 46.2601 55.4828
701 46.2601 43.1458
702 43.1458 39.2451
703 39.2451 39.7178
704 39.7178 43.2908
705 39.7178 35.8748
706 35.8748 37.5029
707 37.5029 37.934
708 37.934 37.9521
709 37.9521 41.2398
710 37.9521 36.5131
711 36.5131 37.355
712 36.5131 37.1127
713 37.1127 36.8359
714 36.8359 38.3999
715 36.8359 41.2798
716 36.8359 36.7277
717 36.7277 36.6481
718 36.6481 49.0555
719 36.6481 36.6871
720 36.6871 35.1425
721 35.1425 31.1509
722 31.1509 33.0259
723 31.1509 35.334
724 31.1509 38.0297
725 31.1509 32.9843
726 32.9843 32.2384
727 32.2384 37.0322
728 32.2384 35.3633
729 32.2384 30.1104
730 30.1104 35.6638
731 30.1104 33.2798
732 33.2798 38.8146
733 33.2798 35.4783
734 35.4783 36.0917
735 36.0917 38.6073
736 36.0917 37.7624
737 37.7624 37.9788
738 37.9788 36.0639
739 36.0639 36.2611
740 36.2611 41.0207
741 36.2611 36.5213
742 36.5213 36.372
743 36.372 45.4397
744 36.372 37.7051
745 37.7051 41.322
746 37.7051 37.1948
747 37.1948 40.4291
748 37.1948 47.4632
749 37.1948 41.2797
750 37.1948 37.352
751 37.352 36.4841
752 36.4841 40.11
753 40.11 39.8079
754 39.8079 46.2813
755 39.8079 43.8244
756 43.8244 46.6251
757 43.8244 61.3992
758 43.8244 47.7393
759 47.7393 67.7633
760 47.7393 43.3156
761 43.3156 43.4471
762 43.4471 43.8628
763 43.8628 41.5211
764 41.5211 39.7454
765 39.7454 41.0057
766 39.7454 36.9034
767 36.9034 39.5046
768 36.9034 45.0568
769 36.9034 37.1795
770 37.1795 38.2988
771 38.2988 38.1481
772 38.1481 36.7563
773 36.7563 36.5998
774 36.5998 38.3571
775 36.5998 39.7015
776 39.7015 44.3341
777 39.7015 36.5322
778 36.5322 37.6216
779 37.6216 40.3268
780 37.6216 35.6854
781 35.6854 44.492
782 35.6854 34.7377
783 34.7377 38.8362
784 34.7377 45.8
785 34.7377 34.4271
786 34.4271 36.434
787 34.4271 34.4536
788 34.4536 35.3987
789 34.4536 41.8047
790 34.4536 34.0526
791 34.0526 35.3213
792 35.3213 37.3546
793 35.3213 35.0063
794 35.0063 39.2564
795 35.0063 54.9954
796 35.0063 35.0385
797 35.0385 38.6161
798 38.6161 39.9714
799 38.6161 40.2985
800 40.2985 40.1148
801 40.1148 55.9833
802 40.1148 40.17
803 40.17 39.2633
804 39.2633 40.7553
805 40.7553 39.8894
806 39.8894 49.8062
807 39.8894 40.0061
808 40.0061 49.2695
809 40.0061 39.1047
810 39.1047 42.0185
811 42.0185 41.9409
812 41.9409 40.3609
813 40.3609 53.592
814 40.3609 38.9869
815 38.9869 44.8623
816 38.9869 40.3431
817 38.9869 38.6019
818 38.6019 38.3808
819 38.3808 36.0568
820 36.0568 36.0051
821 36.0051 36.4796
822 36.4796 35.5616
823 35.5616 35.7259
824 35.7259 33.7119
825 33.7119 32.5723
826 32.5723 33.07
827 33.07 35.3013
828 33.07 37.3435
829 33.07 31.6729
830 31.6729 32.8141
831 31.6729 27.519
832 27.519 29.8545
833 29.8545 37.4783
834 29.8545 29.3869
835 29.3869 42.7384
836 29.3869 43.3362
837 29.3869 31.039
838 31.039 35.6488
839 31.039 39.7762
840 31.039 43.6069
841 31.039 31.6386
842 31.039 36.8836
843 31.039 36.7001
844 36.7001 35.228
845 35.228 36.8312
846 36.8312 42.6367
847 36.8312 37.4785
848 36.8312 38.2864
849 36.8312 36.5409
850 36.5409 51.1106
851 36.5409 38.3538
852 36.5409 42.3748
853 36.5409 38.0799
854 38.0799 37.8348
855 37.8348 39.4976
856 37.8348 49.0734
857 37.8348 50.2408
858 37.8348 41.2046
859 37.8348 32.8139
860 32.8139 34.425
861 34.425 34.5112
862 34.5112 34.8677
863 34.5112 34.2099
864 34.2099 33.6756
865 33.6756 35.9165
866 33.6756 34.3311
867 34.3311 32.9208
868 32.9208 32.6219
869 32.6219 32.9292
870 32.9292 32.7291
871 32.7291 41.242
872 32.7291 44.4749
873 32.7291 35.1478
874 32.7291 35.8801
875 32.7291 36.9776
876 32.7291 32.7083
877 32.7083 49.4281
878 32.7083 50.0033
879 32.7083 34.823
880 34.823 36.2459
881 36.2459 39.1344
882 36.2459 36.248
883 36.248 36.1318
884 36.1318 35.6208
885 35.6208 43.2457
886 35.6208 45.2654
887 35.6208 35.2966
888 35.2966 39.7962
889 35.2966 46.3439
890 35.2966 35.028
891 35.028 43.3928
892 35.028 35.4831
893 35.4831 35.7269
894 35.7269 40.5786
895 35.7269 34.3149
896 34.3149 46.4009
897 34.3149 45.5904
898 34.3149 39.4387
899 34.3149 33.2061
900 33.2061 32.7246
901 32.7246 35.2339
902 35.2339 35.4415
903 35.4415 37.2892
904 35.4415 37.6066
905 35.4415 38.4534
906 38.4534 66.4937
907 38.4534 39.0814
908 38.4534 38.0946
909 38.0946 37.1676
910 37.1676 37.9147
911 37.1676 38.0109
912 38.0109 40.1805
913 38.0109 44.4621
914 38.0109 43.046
915 38.0109 38.6094
916 38.6094 66.1118
917 38.6094 66.6893
918 38.6094 37.9561
919 37.9561 48.9855
920 37.9561 45.3277
921 37.9561 37.6817
922 37.6817 39.2032
923 37.6817 54.3023
924 37.6817 36.7682
925 36.7682 39.1846
926 36.7682 42.8147
927 36.7682 47.6598
928 36.7682 36.4084
929 36.4084 36.2364
930 36.2364 44.7097
931 36.2364 36.3919
932 36.3919 40.2205
933 36.3919 47.9448
934 36.3919 33.8715
935 33.8715 34.6613
936 33.8715 34.7488
937 34.7488 33.5203
938 33.5203 31.9532
939 31.9532 31.8023
940 31.8023 31.4058
941 31.4058 31.0165
942 31.0165 34.7135
943 31.0165 33.5296
944 31.0165 35.3535
945 31.0165 40.4312
946 31.0165 32.313
947 31.0165 31.1358
948 31.1358 31.8595
949 31.8595 43.6537
950 31.8595 39.8751
951 31.8595 60.5311
952 31.8595 32.1341
953 31.8595 35.3654
954 31.8595 36.2371
955 31.8595 31.6383
956 31.6383 33.9959
957 31.6383 33.9525
958 31.6383 36.2837
959 31.6383 31.3175
960 31.3175 31.9709
961 31.3175 32.2489
962 31.3175 53.9694
963 31.3175 31.6217
964 31.6217 38.058
965 31.6217 32.0324
966 31.6217 33.945
967 31.6217 32.2486
968 32.2486 38.0598
969 32.2486 38.2493
970 32.2486 37.3559
971 32.2486 41.0245
972 32.2486 34.4638
973 32.2486 32.5496
974 32.2486 32.4054
975 32.4054 35.6087
976 32.4054 32.2807
977 32.2807 37.4097
978 32.2807 31.8151
979 31.8151 39.8492
980 31.8151 32.7915
981 31.8151 38.3268
982 31.8151 32.433
983 32.433 32.5765
984 32.5765 32.4745
985 32.4745 56.823
986 32.4745 31.487
987 31.487 38.0567
988 31.487 35.6368
989 31.487 34.0748
990 31.487 32.4686
991 31.487 37.255
992 31.487 33.7531
993 31.487 31.8214
994 31.8214 33.6843
995 31.8214 36.3256
996 31.8214 33.78
997 31.8214 31.0318
998 31.0318 29.6285
999 29.6285 30.7798
1000 29.6285 32.2843
1001 29.6285 29.9256
1002 29.9256 40.7562
1003 29.9256 36.516
1004 29.9256 46.4711
1005 29.9256 34.9476
1006 29.9256 29.567
1007 29.567 60.9762
1008 29.567 29.474
1009 29.474 31.214
1010 29.474 29.68
1011 29.68 39.7945
1012 29.68 31.8284
1013 29.68 30.9262
1014 29.68 29.0096
1015 29.0096 32.6695
1016 29.0096 28.9974
1017 28.9974 33.7968
1018 28.9974 29.4041
1019 29.4041 38.6496
1020 29.4041 38.3493
1021 29.4041 32.1422
1022 29.4041 29.9627
1023 29.9627 30.6164
1024 29.9627 32.0877
1025 29.9627 33.8961
1026 29.9627 34.4866
1027 29.9627 37.3219
1028 29.9627 29.4376
1029 29.4376 34.7766
1030 29.4376 30.3332
1031 29.4376 39.7266
1032 29.4376 30.3921
1033 29.4376 29.23
1034 29.23 50.2361
1035 29.23 32.7244
1036 29.23 49.19
1037 29.23 37.3608
1038 29.23 29.4519
1039 29.4519 27.7656
1040 27.7656 28.7362
1041 27.7656 30.6593
1042 27.7656 27.8884
1043 27.8884 33.6762
1044 27.8884 34.8656
1045 27.8884 29.2812
1046 27.8884 29.7861
1047 27.8884 28.194
1048 27.8884 27.3647
1049 27.3647 27.4808
1050 27.4808 30.084
1051 27.4808 29.9742
1052 27.4808 31.2958
1053 27.4808 28.2673
1054 27.4808 28.0782
1055 27.4808 28.7691
1056 27.4808 30.1537
1057 27.4808 26.5396
1058 26.5396 28.7451
1059 26.5396 26.8685
1060 26.5396 27.7605
1061 26.5396 28.2291
1062 26.5396 26.8537
1063 26.8537 26.6849
1064 26.6849 28.7567
1065 26.6849 46.1942
1066 26.6849 25.9216
1067 25.9216 51.1627
1068 25.9216 25.6922
1069 25.6922 32.5894
1070 25.6922 28.0374
1071 25.6922 31.8852
1072 25.6922 29.1607
1073 25.6922 26.0704
1074 25.6922 30.9241
1075 25.6922 25.9924
1076 25.9924 26.8866
1077 25.9924 41.9688
1078 25.9924 31.9684
1079 25.9924 27.9907
1080 25.9924 29.0568
1081 25.9924 26.1046
1082 26.1046 33.3848
1083 26.1046 28.497
1084 26.1046 32.8061
1085 26.1046 43.2133
1086 26.1046 32.6531
1087 26.1046 40.6758
1088 26.1046 35.8501
1089 26.1046 26.3019
1090 26.3019 44.911
1091 26.3019 33.6607
1092 26.3019 25.7872
1093 25.7872 30.1327
1094 25.7872 28.6075
1095 25.7872 30.2233
1096 25.7872 28.5937
1097 25.7872 29.5489
1098 25.7872 31.1398
1099 25.7872 29.1192
1100 25.7872 27.0919
1101 27.0919 41.0449
1102 27.0919 29.1251
1103 27.0919 44.3528
1104 27.0919 29.4301
1105 27.0919 27.4256
1106 27.0919 28.163
1107 27.0919 37.5612
1108 27.0919 28.9789
1109 27.0919 38.2493
1110 27.0919 43.2951
1111 27.0919 36.9552
1112 27.0919 31.4783
1113 27.0919 30.5202
1114 27.0919 36.6456
1115 27.0919 37.7584
1116 27.0919 31.4658
1117 27.0919 38.9644
1118 27.0919 36.7199
1119 27.0919 27.1125
1120 27.1125 28.0245
1121 27.1125 25.0393
1122 25.0393 28.7575
1123 25.0393 26.7939
1124 25.0393 28.0718
1125 25.0393 33.5127
1126 25.0393 27.9034
1127 25.0393 26.8123
1128 25.0393 25.4535
1129 25.0393 26.622
1130 25.0393 27.7402
1131 25.0393 32.1865
1132 25.0393 27.811
1133 25.0393 25.8525
1134 25.0393 29.6439
1135 25.0393 29.2073
1136 25.0393 44.7191
1137 25.0393 25.7168
1138 25.0393 26.6082
1139 25.0393 27.9522
1140 25.0393 31.8705
1141 25.0393 22.5572
1142 22.5572 25.1176
1143 22.5572 44.7863
1144 22.5572 29.4094
1145 22.5572 29.6612
1146 22.5572 46.8876
1147 22.5572 25.2967
1148 22.5572 31.6864
1149 22.5572 37.5949
1150 22.5572 35.0349
1151 22.5572 37.6567
1152 22.5572 28.0378
1153 22.5572 22.8973
1154 22.8973 33.413
1155 22.8973 24.8935
1156 22.8973 45.0387
1157 22.8973 29.1988
1158 22.8973 25.8364
1159 22.8973 26.7235
1160 22.8973 25.117
1161 22.8973 37.6326
1162 22.8973 28.3972
1163 22.8973 24.5324
1164 22.8973 26.9388
1165 22.8973 26.9422
1166 22.8973 24.8019
1167 22.8973 26.2244
1168 22.8973 25.9227
1169 22.8973 27.3908
1170 22.8973 38.1968
1171 22.8973 23.2939
1172 23.2939 27.6444
1173 23.2939 22.8287
1174 22.8287 24.8774
1175 22.8287 25.7053
1176 22.8287 24.9867
1177 22.8287 24.1866
1178 22.8287 27.494
1179 22.8287 29.1547
1180 22.8287 25.9354
1181 22.8287 24.9317
1182 22.8287 24.8451
1183 22.8287 25.9514
1184 22.8287 27.3067
1185 22.8287 32.5926
1186 22.8287 27.5908
1187 22.8287 26.4481
1188 22.8287 24.6586
1189 22.8287 47.4632
1190 22.8287 27.1195
1191 22.8287 29.9159
1192 22.8287 25.2886
1193 22.8287 25.0096
1194 22.8287 25.1758
1195 22.8287 28.7799
1196 22.8287 26.772
1197 22.8287 26.0094
1198 22.8287 29.3523
1199 22.8287 31.7113
1200 22.8287 36.469
1201 22.8287 48.1914
1202 22.8287 23.092
1203 23.092 26.4759
1204 23.092 23.2075
1205 23.2075 26.689
1206 23.2075 28.4925
1207 23.2075 53.1444
1208 23.2075 25.6802
1209 23.2075 26.1563
1210 23.2075 33.5074
1211 23.2075 27.4264
1212 23.2075 23.1843
1213 23.1843 28.6948
1214 23.1843 27.4254
1215 23.1843 25.3875
1216 23.1843 37.2726
1217 23.1843 27.3774
1218 23.1843 25.0155
1219 23.1843 26.7868
1220 23.1843 37.56
1221 23.1843 29.7749
1222 23.1843 23.0978
1223 23.0978 27.0938
1224 23.0978 28.6633
1225 23.0978 24.5012
1226 23.0978 46.0697
1227 23.0978 25.5188
1228 23.0978 24.7296
1229 23.0978 47.0531
1230 23.0978 36.6306
1231 23.0978 25.5474
1232 23.0978 31.7555
1233 23.0978 35.9414
1234 23.0978 28.1687
1235 23.0978 22.4915
1236 22.4915 25.1204
1237 22.4915 31.763
1238 22.4915 30.6996
1239 22.4915 24.7843
1240 22.4915 24.4175
1241 22.4915 28.232
1242 22.4915 22.5681
1243 22.5681 28.4856
1244 22.5681 27.7385
1245 22.5681 30.8225
1246 22.5681 32.7163
1247 22.5681 24.6176
1248 22.5681 23.9737
1249 22.5681 22.8603
1250 22.5681 24.5679
1251 22.5681 26.7394
1252 22.5681 26.4311
1253 22.5681 29.9384
1254 22.5681 32.5734
1255 22.5681 24.9841
1256 22.5681 24.2743
1257 22.5681 32.0905
1258 22.5681 29.5946
1259 22.5681 29.4256
1260 22.5681 32.6432
1261 22.5681 22.382
1262 22.382 28.889
1263 22.382 28.1342
1264 22.382 25.2893
1265 22.382 26.7533
1266 22.382 28.754
1267 22.382 26.1603
1268 22.382 50.7899
1269 22.382 36.5817
1270 22.382 27.1494
1271 22.382 22.9507
1272 22.382 29.1462
1273 22.382 25.5149
1274 22.382 46.1247
1275 22.382 30.5584
1276 22.382 27.2163
1277 22.382 28.2771
1278 22.382 22.5253
1279 22.382 28.8322
1280 22.382 28.1752
1281 22.382 24.9134
1282 22.382 26.1653
1283 22.382 26.2648
1284 22.382 26.6659
1285 22.382 29.4744
1286 22.382 23.3993
1287 22.382 29.3645
1288 22.382 31.4571
1289 22.382 22.3582
1290 22.3582 23.9873
1291 22.3582 23.0647
1292 22.3582 49.4556
1293 22.3582 23.5833
1294 22.3582 26.4092
1295 22.3582 25.2906
1296 22.3582 33.6038
1297 22.3582 28.6413
1298 22.3582 26.7233
1299 22.3582 33.8843
1300 22.3582 28.0247
1301 22.3582 29.9956
1302 22.3582 23.3062
1303 22.3582 24.315
1304 22.3582 27.018
1305 22.3582 23.1484
1306 22.3582 25.9992
1307 22.3582 46.6501
1308 22.3582 26.7128
1309 22.3582 28.8614
1310 22.3582 26.3185
1311 22.3582 28.9264
1312 22.3582 28.7582
1313 22.3582 27.8074
1314 22.3582 23.6661
1315 22.3582 22.2509
1316 22.2509 26.2575
1317 22.2509 27.4525
1318 22.2509 29.0268
1319 22.2509 22.4829
1320 22.4829 22.4512
1321 22.4512 24.0031
1322 22.4512 23.5705
1323 22.4512 27.7332
1324 22.4512 25.0519
1325 22.4512 26.3614
1326 22.4512 28.7962
1327 22.4512 25.5298
1328 22.4512 27.4862
1329 22.4512 27.7375
1330 22.4512 28.0978
1331 22.4512 23.9219
1332 22.4512 27.5289
1333 22.4512 25.4467
1334 22.4512 28.5605
1335 22.4512 23.0856
1336 22.4512 24.7726
1337 22.4512 30.5842
1338 22.4512 24.6574
1339 22.4512 25.4519
1340 22.4512 28.2557
1341 22.4512 28.326
1342 22.4512 24.1358
1343 22.4512 30.4327
1344 22.4512 29.4365
1345 22.4512 25.8558
1346 22.4512 44.3856
1347 22.4512 25.7585
1348 22.4512 22.53
1349 22.53 29.1089
1350 22.53 25.9838
1351 22.53 28.9836
1352 22.53 22.4508
1353 22.4508 29.1635
1354 22.4508 24.319
1355 22.4508 28.2355
1356 22.4508 29.2408
1357 22.4508 25.9856
1358 22.4508 23.1956
1359 22.4508 22.4241
1360 22.4241 26.0829
1361 22.4241 31.7418
1362 22.4241 36.1396
1363 22.4241 26.2273
1364 22.4241 28.1958
1365 22.4241 26.749
1366 22.4241 27.3218
1367 22.4241 26.5357
1368 22.4241 22.3977
1369 22.3977 27.1858
1370 22.3977 24.3035
1371 22.3977 23.57
1372 22.3977 32.0991
1373 22.3977 27.7971
1374 22.3977 21.9524
1375 21.9524 26.4437
1376 21.9524 35.311
1377 21.9524 24.7088
1378 21.9524 26.6605
1379 21.9524 23.1181
1380 21.9524 26.6527
1381 21.9524 25.7807
1382 21.9524 22.3195
1383 21.9524 28.5692
1384 21.9524 27.6587
1385 21.9524 24.8016
1386 21.9524 27.399
1387 21.9524 26.9899
1388 21.9524 25.4365
1389 21.9524 22.8062
1390 21.9524 25.0574
1391 21.9524 25.3458
1392 21.9524 26.0882
1393 21.9524 25.8489
1394 21.9524 28.868
1395 21.9524 28.1413
1396 21.9524 28.5197
1397 21.9524 34.8201
1398 21.9524 36.7512
1399 21.9524 22.6078
1400 21.9524 28.2967
1401 21.9524 25.367
1402 21.9524 37.3769
1403 21.9524 29.5941
1404 21.9524 28.2646
1405 21.9524 28.8018
1406 21.9524 27.0214
1407 21.9524 26.072
1408 21.9524 24.8535
1409 21.9524 21.6139
1410 21.6139 23.5778
1411 21.6139 24.2143
1412 21.6139 29.2714
1413 21.6139 25.9547
1414 21.6139 22.7471
1415 21.6139 33.2135
1416 21.6139 39.5728
1417 21.6139 28.9925
1418 21.6139 24.4951
1419 21.6139 22.671
1420 21.6139 31.1582
1421 21.6139 36.6462
1422 21.6139 25.9713
1423 21.6139 27.8443
1424 21.6139 31.6476
1425 21.6139 24.1553
1426 21.6139 23.2318
1427 21.6139 21.6859
1428 21.6859 22.1129
1429 21.6859 23.3452
1430 21.6859 25.1487
1431 21.6859 29.8022
1432 21.6859 35.0032
1433 21.6859 31.1806
1434 21.6859 25.9063
1435 21.6859 24.6443
1436 21.6859 31.9939
1437 21.6859 23.0453
1438 21.6859 25.6392
1439 21.6859 22.9838
1440 21.6859 25.8729
1441 21.6859 23.3817
1442 21.6859 24.3907
1443 21.6859 27.9856
1444 21.6859 23.0507
1445 21.6859 26.5899
1446 21.6859 31.2957
1447 21.6859 21.6302
1448 21.6302 25.9926
1449 21.6302 28.438
1450 21.6302 24.2805
1451 21.6302 33.2881
1452 21.6302 26.4738
1453 21.6302 29.0566
1454 21.6302 24.1774
1455 21.6302 29.7236
1456 21.6302 25.5649
1457 21.6302 25.9834
1458 21.6302 22.1232
1459 21.6302 24.5851
1460 21.6302 23.0393
1461 21.6302 24.6456
1462 21.6302 24.8996
1463 21.6302 25.1725
1464 21.6302 28.2577
1465 21.6302 21.5688
1466 21.5688 26.3406
1467 21.5688 29.8562
1468 21.5688 26.1346
1469 21.5688 26.542
1470 21.5688 28.1232
1471 21.5688 27.7556
1472 21.5688 30.7437
1473 21.5688 27.4461
1474 21.5688 23.0578
1475 21.5688 24.8421
1476 21.5688 21.6591
1477 21.6591 24.77
1478 21.6591 21.6363
1479 21.6363 22.3805
1480 21.6363 22.8496
1481 21.6363 29.1083
1482 21.6363 31.8392
1483 21.6363 25.401
1484 21.6363 25.6148
1485 21.6363 23.0471
1486 21.6363 35.3476
1487 21.6363 22.6557
1488 21.6363 26.8649
1489 21.6363 25.1117
1490 21.6363 24.9968
1491 21.6363 33.5129
1492 21.6363 25.5375
1493 21.6363 24.9253
1494 21.6363 22.4546
1495 21.6363 25.9416
1496 21.6363 27.3805
1497 21.6363 21.5748
1498 21.5748 22.5922
1499 21.5748 22.7426
1500 21.5748 25.0302
1501 21.5748 25.1882
1502 21.5748 26.4797
1503 21.5748 25.2348
1504 21.5748 23.2235
1505 21.5748 22.4089
1506 21.5748 25.5033
1507 21.5748 23.3403
1508 21.5748 24.4415
1509 21.5748 23.1717
1510 21.5748 23.0769
1511 21.5748 28.7355
1512 21.5748 21.6612
1513 21.5748 21.422
1514 21.422 22.5082
1515 21.422 23.2681
1516 21.422 23.3974
1517 21.422 22.1825
1518 21.422 23.7015
1519 21.422 27.647
1520 21.422 27.1295
1521 21.422 28.1122
1522 21.422 23.9709
1523 21.422 22.9871
1524 21.422 21.3503
1525 21.3503 21.1072
1526 21.1072 23.8699
1527 21.1072 21.1419
1528 21.1419 23.2099
1529 21.1419 22.3765
1530 21.1419 23.0465
1531 21.1419 23.6341
1532 21.1419 22.7365
1533 21.1419 22.0697
1534 21.1419 22.7179
1535 21.1419 32.1765
1536 21.1419 24.5126
1537 21.1419 30.4458
1538 21.1419 26.1862
1539 21.1419 22.8208
1540 21.1419 27.9202
1541 21.1419 21.1018
1542 21.1018 25.5124
1543 21.1018 21.9553
1544 21.1018 28.4288
1545 21.1018 24.6381
1546 21.1018 27.7891
1547 21.1018 27.3808
1548 21.1018 23.4519
1549 21.1018 23.821
1550 21.1018 22.1984
1551 21.1018 24.5755
1552 21.1018 27.9048
1553 21.1018 23.6514
1554 21.1018 28.2307
1555 21.1018 34.9684
1556 21.1018 25.6461
1557 21.1018 21.8713
1558 21.1018 24.5133
1559 21.1018 27.2149
1560 21.1018 23.4772
1561 21.1018 26.1906
1562 21.1018 32.0576
1563 21.1018 21.8906
1564 21.1018 23.5974
1565 21.1018 24.9309
1566 21.1018 22.3282
1567 21.1018 26.6449
1568 21.1018 26.7569
1569 21.1018 20.7663
1570 20.7663 27.5408
1571 20.7663 27.6976
1572 20.7663 24.5087
1573 20.7663 22.5908
1574 20.7663 30.9376
1575 20.7663 22.4763
1576 20.7663 23.5101
1577 20.7663 22.0836
1578 20.7663 20.6685
1579 20.6685 27.3607
1580 20.6685 25.5794
1581 20.6685 23.5964
1582 20.6685 23.7178
1583 20.6685 28.5655
1584 20.6685 22.6208
1585 20.6685 46.2471
1586 20.6685 27.5061
1587 20.6685 21.3674
1588 20.6685 21.8909
1589 20.6685 20.6377
1590 20.6377 25.7084
1591 20.6377 26.06
1592 20.6377 24.3578
1593 20.6377 23.8867
1594 20.6377 25.2878
1595 20.6377 23.2933
1596 20.6377 25.8193
1597 20.6377 24.0355
1598 20.6377 26.7236
1599 20.6377 27.7464
1600 20.6377 25.594
1601 20.6377 24.8163
1602 20.6377 28.7724
1603 20.6377 23.5627
1604 20.6377 23.6941
1605 20.6377 20.5473
1606 20.5473 22.2519
1607 20.5473 21.1383
1608 20.5473 20.8972
1609 20.5473 25.8634
1610 20.5473 25.9606
1611 20.5473 23.3936
1612 20.5473 29.0236
1613 20.5473 27.7905
1614 20.5473 26.0107
1615 20.5473 26.0842
1616 20.5473 21.6327
1617 20.5473 25.6755
1618 20.5473 24.1886
1619 20.5473 27.9344
1620 20.5473 20.5564
1621 20.5473 24.6532
1622 20.5473 21.8316
1623 20.5473 25.4868
1624 20.5473 24.0807
1625 20.5473 22.2244
1626 20.5473 26.8005
1627 20.5473 21.6108
1628 20.5473 22.928
1629 20.5473 22.4885
1630 20.5473 23.6431
1631 20.5473 28.2472
1632 20.5473 26.5112
1633 20.5473 20.0932
1634 20.0932 22.3863
1635 20.0932 24.9011
1636 20.0932 21.1884
1637 20.0932 23.455
1638 20.0932 23.4155
1639 20.0932 27.0142
1640 20.0932 25.4551
1641 20.0932 21.2506
1642 20.0932 21.7291
1643 20.0932 20.7628
1644 20.0932 25.9594
1645 20.0932 21.2366
1646 20.0932 28.5664
1647 20.0932 28.7762
1648 20.0932 24.3272
1649 20.0932 21.3606
1650 20.0932 21.8499
1651 20.0932 26.7016
1652 20.0932 25.8331
1653 20.0932 23.385
1654 20.0932 22.211
1655 20.0932 22.0716
1656 20.0932 24.5919
1657 20.0932 21.7604
1658 20.0932 20.8828
1659 20.0932 21.9348
1660 20.0932 26.8431
1661 20.0932 21.9157
1662 20.0932 27.1548
1663 20.0932 26.125
1664 20.0932 22.4088
1665 20.0932 24.4552
1666 20.0932 23.0968
1667 20.0932 22.6474
1668 20.0932 21.4391
1669 20.0932 30.5631
1670 20.0932 23.2387
1671 20.0932 26.1475
1672 20.0932 23.668
1673 20.0932 23.7629
1674 20.0932 22.9139
1675 20.0932 24.3589
1676 20.0932 23.8308
1677 20.0932 22.7225
1678 20.0932 21.4073
1679 20.0932 27.1982
1680 20.0932 28.2612
1681 20.0932 26.6449
1682 20.0932 22.2192
1683 20.0932 22.1187
1684 20.0932 26.0554
1685 20.0932 22.6313
1686 20.0932 29.5532
1687 20.0932 28.229
1688 20.0932 25.5873
1689 20.0932 21.5176
1690 20.0932 23.059
1691 20.0932 29.4185
1692 20.0932 22.3545
1693 20.0932 22.8073
1694 20.0932 23.2497
1695 20.0932 27.7804
1696 20.0932 21.0493
1697 20.0932 24.8861
1698 20.0932 24.615
1699 20.0932 28.4697
1700 20.0932 21.2761
1701 20.0932 27.4735
1702 20.0932 21.5701
1703 20.0932 26.7868
1704 20.0932 28.6604
1705 20.0932 21.6946
1706 20.0932 22.4597
1707 20.0932 22.473
1708 20.0932 32.8409
1709 20.0932 24.7728
1710 20.0932 22.4019
1711 20.0932 23.9875
1712 20.0932 28.1801
1713 20.0932 28.9755
1714 20.0932 30.9347
1715 20.0932 27.7214
1716 20.0932 27.0532
1717 20.0932 19.6635
1718 19.6635 25.8749
1719 19.6635 22.9705
1720 19.6635 28.01
1721 19.6635 27.8758
1722 19.6635 28.0143
1723 19.6635 22.1976
1724 19.6635 23.7853
1725 19.6635 20.4692
1726 19.6635 24.2604
1727 19.6635 24.3391
1728 19.6635 24.1379
1729 19.6635 21.5544
1730 19.6635 25.8405
1731 19.6635 22.3942
1732 19.6635 27.9987
1733 19.6635 20.4893
1734 19.6635 22.7205
1735 19.6635 22.0618
1736 19.6635 23.6517
1737 19.6635 25.1882
1738 19.6635 27.4953
1739 19.6635 27.7941
1740 19.6635 23.1172
1741 19.6635 26.3101
1742 19.6635 27.0353
1743 19.6635 19.701
1744 19.6635 22.5514
1745 19.6635 25.2247
1746 19.6635 27.4318
1747 19.6635 27.6055
1748 19.6635 24.7414
1749 19.6635 27.2865
1750 19.6635 23.5642
1751 19.6635 21.899
1752 19.6635 23.7805
1753 19.6635 24.1196
1754 19.6635 23.3945
1755 19.6635 24.2573
1756 19.6635 26.3116
1757 19.6635 25.3097
1758 19.6635 24.2859
1759 19.6635 23.5237
1760 19.6635 21.1503
1761 19.6635 24.775
1762 19.6635 23.6974
1763 19.6635 21.8255
1764 19.6635 21.8381
1765 19.6635 25.2501
1766 19.6635 20.4635
1767 19.6635 28.2791
1768 19.6635 22.0786
1769 19.6635 29.7836
1770 19.6635 28.2198
1771 19.6635 24.225
1772 19.6635 21.7917
1773 19.6635 25.2192
1774 19.6635 25.8212
1775 19.6635 21.8502
1776 19.6635 25.6129
1777 19.6635 26.2866
1778 19.6635 21.4816
1779 19.6635 21.2497
1780 19.6635 21.3479
1781 19.6635 26.5897
1782 19.6635 25.8695
1783 19.6635 19.8126
1784 19.6635 30.4983
1785 19.6635 21.9358
1786 19.6635 27.5795
1787 19.6635 25.2897
1788 19.6635 27.5806
1789 19.6635 27.5548
1790 19.6635 23.2087
1791 19.6635 30.4988
1792 19.6635 22.6641
1793 19.6635 22.7966
1794 19.6635 23.6119
1795 19.6635 25.4673
1796 19.6635 22.1911
1797 19.6635 20.5322
1798 19.6635 25.6657
1799 19.6635 24.3475
1800 19.6635 21.9685
1801 19.6635 21.0862
1802 19.6635 24.9272
1803 19.6635 22.001
1804 19.6635 21.4178
1805 19.6635 23.8476
1806 19.6635 21.4006
1807 19.6635 21.498
1808 19.6635 27.3329
1809 19.6635 20.8175
1810 19.6635 22.6966
1811 19.6635 21.7942
1812 19.6635 27.7733
1813 19.6635 20.3922
1814 19.6635 22.6384
1815 19.6635 22.4949
1816 19.6635 22.9391
1817 19.6635 28.0732
1818 19.6635 20.37
1819 19.6635 27.6531
1820 19.6635 22.2081
1821 19.6635 19.5
1822 19.5 21.1848
1823 19.5 23.5613
1824 19.5 21.3657
1825 19.5 25.8101
1826 19.5 26.7114
1827 19.5 23.9531
1828 19.5 22.4672
1829 19.5 22.0722
1830 19.5 23.5938
1831 19.5 21.2616
1832 19.5 23.0311
1833 19.5 22.7935
1834 19.5 24.7673
1835 19.5 22.689
1836 19.5 21.4436
1837 19.5 24.4893
